26.9644 -20.5758 73.2369 80.7099 
62.9165 -74.0354 13.725 98.1229 

5.08001 31.0199 96.3626 101.36 
72.6992 5.45464 31.7045 79.4991 

-100.472 -83.7149 -37.7276 136.111 
-18.4696 18.268 -36.1191 44.4909 

30.4493 30.2043 141.441 147.8 
29.5662 -12.9714 0.643855 32.2929 

16.4387 46.9894 24.2888 55.3912 
17.1883 2.59926 121.546 122.783 

30.5656 -75.3167 -17.3782 83.1195 
5.11445 -30.0673 -91.606 96.5498 

-97.8582 -123.15 -20.6111 158.641 
9.50775 -2.88059 20.1298 22.4478 

-19.3299 5.10359 38.6781 43.5395 
-131.087 29.7638 -24.7525 136.683 

28.0477 -80.1942 -23.5404 88.1586 
37.3692 -11.7693 -83.1046 91.8769 

92.9047 5.51537 -104.388 139.852 
4.39853 39.3942 -7.64358 40.3692 

34.3364 36.6021 3.38319 50.3005 
-49.9391 114.359 -35.7515 129.808 

11.846 -27.3419 -14.2247 33.0189 
-106.772 -28.7106 -96.0915 146.486 

79.3325 -0.183948 26.2053 83.5488 
51.4735 -81.121 -13.9963 97.0878 

18.1108 39.5966 4.03899 43.7288 
-98.8676 93.4155 -2.35447 136.04 

-3.47804 16.1597 46.7787 49.6133 
-17.1805 129.483 2.07563 130.634 

47.0532 -33.9519 68.252 89.5827 
53.4723 55.592 47.6902 90.6869 

113.936 19.3261 -36.3311 121.14 
40.4896 -5.79498 42.5181 58.9982 

-17.127 2.20671 9.03556 19.4897 
102.617 -71.0051 100.921 160.49 

5.83156 -47.0665 -34.1123 58.4201 
15.3634 14.232 -118.222 120.063 

-116.797 -71.8364 -65.5353 151.977 
-6.29739 -15.4194 20.3939 26.3311 

-70.2231 -93.818 -15.7228 118.238 
10.2765 -31.756 -52.3464 62.0822 

46.1866 -72.4328 35.1352 92.8127 
86.5191 -3.94859 -14.6102 87.8328 

-65.916 -77.9639 31.5017 106.844 
-3.51368 -15.3788 71.426 73.1473 

-106.127 -50.4544 -76.5608 140.251 
-32.5617 12.519 20.7492 40.5896 

27.8429 -23.2802 120.093 125.457 
-40.2678 8.90133 34.8075 53.9657 

-59.0403 -33.702 -33.3306 75.7134 
-64.8277 -56.1379 59.4603 104.353 

-32.3409 -8.98158 -12.0258 35.6542 
13.5209 -143.392 -10.7515 144.429 

14.5438 19.9033 17.4549 30.2049 
37.3837 77.5761 -124.195 151.129 

1.30887 -121.981 40.2722 128.464 
7.31009 -33.1064 -38.7979 51.5243 

47.8122 -97.6837 -19.3883 110.472 
-36.2434 -57.7688 0.457659 68.1984 

74.0644 3.08172 -119.468 140.598 
25.7562 29.9662 6.19829 39.9972 

40.1929 -143.144 65.6529 162.53 
-4.22707 0.100143 -16.9397 17.4594 

-91.9821 29.6973 -116.209 151.152 
-23.7461 -3.83424 16.1691 28.9831 

111.87 -2.82496 -61.891 127.88 
29.0057 -41.156 13.276 52.0711 

-85.9751 -0.993467 -0.614586 85.9831 
-42.0576 17.8083 -83.3295 95.0252 

-47.3958 94.3623 -93.0719 140.759 
31.8434 12.9527 -18.4962 39.0369 

-71.9387 -22.0277 56.2394 93.9323 
9.38224 -74.4565 45.1964 87.6043 

-29.7228 -46.3413 13.5467 56.6964 
59.5043 -105.333 -25.0814 123.551 

39.2463 2.13508 -7.53988 40.021 
54.3479 75.2482 104.617 139.859 

14.1594 54.3733 112.569 125.813 
-7.98153 56.0778 -9.67864 57.4639 

119.665 -100.196 31.6317 159.246 
7.58956 18.9228 4.30582 20.8378 

-76.0124 -71.7884 26.5093 107.862 
15.2215 -70.0041 -8.22907 72.1109 

19.3395 62.444 -12.3997 66.5359 
87.5692 37.8957 62.1122 113.852 

10.8404 29.4319 -23.2631 39.0502 
133.776 -31.8011 -32.2939 141.245 

23.081 30.06 14.4168 40.5485 
68.0227 -54.5052 108.908 139.495 

12.0436 29.0655 -32.7928 45.4448 
-65.8372 54.5097 -96.179 128.671 

28.653 -141.41 58.3994 155.654 
-18.1109 -7.22254 -14.5856 24.3498 

-86.0402 78.6227 -26.6059 119.55 
17.1293 45.0213 -36.7992 60.6177 

44.1054 -19.2121 20.8747 52.4418 
37.519 -111.65 -46.7564 126.727 

-4.65811 44.6538 -0.232994 44.8967 
-117.202 31.4568 59.3264 135.076 

96.3128 -54.4442 -31.9808 115.166 
-5.78694 -63.588 -12.0588 64.9795 

6.86911 -27.0961 114.909 118.26 
42.2256 -49.3065 5.59512 65.157 

54.4736 29.8893 62.2179 87.9308 
9.439 78.5085 37.9991 87.7304 

-16.6412 66.251 61.0553 91.6181 
-55.0104 64.8089 -31.9428 90.8112 

2.10691 -91.5081 -17.0919 93.1145 
73.6549 -43.9915 13.9629 86.921 

-57.3116 -42.1778 -78.0609 105.627 
-63.6474 -33.197 10.7619 72.5869 

29.0722 -79.6645 112.744 141.077 
-34.9068 -10.1119 13.8917 38.9065 

98.0318 -58.5324 55.3971 126.906 
-8.25987 -48.8088 15.5249 51.8801 

53.3499 -51.4958 80.7742 109.647 
61.6494 27.8497 20.3439 70.6408 

-16.1732 -88.6762 -19.1363 92.1479 
17.4221 -24.2731 -84.3583 89.4932 

40.1543 23.0947 18.5926 49.9141 
56.5555 79.487 -85.2953 129.584 

-19.3407 17.278 -16.6629 30.826 
92.1024 117.73 -4.62064 149.548 

-90.2803 -19.4542 71.4285 116.752 
-4.12757 -58.9843 23.1894 63.5132 

43.8061 9.16668 -24.9114 51.221 
98.6467 -66.616 48.8627 128.672 

19.2971 43.1125 -24.0432 53.0013 
28.9706 93.0306 81.3547 126.935 

139.891 9.44634 -36.2726 144.825 
15.3076 21.7224 17.8581 32.0171 

-104.59 59.083 -13.5019 120.881 
-46.4793 -35.486 -10.9312 59.4901 

63.5323 126.476 77.9011 161.559 
-17.3942 -4.73502 5.69758 18.9061 

7.50448 -21.5967 22.085 31.788 
-62.431 -112.133 -75.8074 149.057 

8.75083 -65.2541 -24.8077 70.3569 
-25.4854 -19.2438 -104.707 109.468 

-21.1032 -18.9245 -57.4231 64.0382 
79.3382 -1.40279 -84.8389 116.164 

42.6542 30.5787 -68.1761 86.0374 
62.3104 69.4372 13.6571 94.2901 

-23.8927 17.4161 29.0039 41.4175 
58.1592 -85.5432 99.1991 143.32 

-76.3386 4.89265 -62.2898 98.6486 
-59.5708 -54.8363 5.35914 81.1444 

-134.285 -0.458523 70.1449 151.502 
1.31928 -28.3885 4.16548 28.7228 

58.7258 70.6303 -49.5293 104.358 
74.8989 -2.49601 7.71239 75.3363 

92.5185 65.32 -29.1966 116.956 
49.1119 -31.4474 -24.3077 63.1806 

-48.955 17.2152 48.0101 70.696 
-104.193 0.615059 -34.3786 109.72 

50.8384 34.3268 32.2324 69.2951 
76.1262 48.9094 -64.0559 110.862 

-29.5553 34.6697 61.6986 76.6956 
-29.4962 98.6619 -8.22382 103.305 

11.2364 -88.3877 -9.80147 89.6365 
-28.5082 -43.6261 -72.6143 89.3801 

-51.6843 -57.7623 134.268 155.034 
-14.361 -14.9498 -16.1376 26.2708 

95.3721 30.3383 43.9447 109.304 
59.3258 -25.3661 -28.4506 70.5154 

23.6293 7.45181 38.6699 45.9264 
123.591 41.5939 -31.0055 134.038 

-49.7987 -2.90949 -29.938 58.1778 
-85.5118 -70.0697 51.3536 121.898 

-40.8162 28.2401 20.4765 53.6913 
-72.5613 88.3193 -36.4618 119.979 

-21.9586 31.1926 28.8326 47.8171 
-27.82 111.423 -65.3227 132.121 

-96.0279 -81.2653 -23.0527 127.894 
-24.5685 -14.2531 43.7666 52.1754 

-14.1045 27.6393 -4.63621 31.3746 
1.61243 44.2353 141.829 148.576 

10.0325 -16.8798 60.9085 63.9956 
-14.5595 81.7653 80.5604 115.704 

-86.329 -40.647 -6.95797 95.6728 
-26.0178 -59.6332 51.5109 82.9845 

-12.2069 -27.5724 9.41658 31.5898 
-72.4267 -13.1193 -130.635 149.944 

-57.4326 42.4076 -44.9023 84.3394 
-53.6719 66.9729 41.1128 95.1646 

-14.016 -14.0649 -20.9009 28.8291 
-108.761 -49.8544 92.019 150.937 

7.68712 -7.97138 -16.4374 19.8197 
12.6695 160.156 -2.33204 160.674 

30.1867 84.4334 6.04719 89.8711 
88.8132 15.2769 -2.15044 90.1432 

-35.6234 97.4619 -69.5771 124.935 
-17.296 -14.7711 -50.3989 55.2937 

-88.467 27.3785 33.162 98.3652 
-38.519 62.0542 -36.409 81.6092 

-34.7917 -53.5762 74.4582 98.1066 
-52.3927 -58.9384 -40.9813 88.8718 

47.8154 35.589 69.6398 91.6657 
30.4379 -53.7637 63.209 88.3876 

11.0437 -20.0633 -60.7907 64.9616 
93.6691 42.4797 -51.6313 115.083 

16.8064 112.66 21.7977 115.974 
-14.3567 40.9938 -46.665 63.7513 

82.9181 -1.94462 -39.1358 91.7104 
27.1831 68.2889 -48.5305 88.0767 

70.1909 -10.0268 18.2552 73.2158 
72.1961 16.5188 -77.8252 107.433 

47.6268 -32.4085 17.4316 60.1871 
104.39 56.7107 -22.022 120.824 

30.5594 34.3801 82.7669 94.6902 
48.1959 70.8319 -0.884265 85.6784 

-10.9359 -139.223 30.2846 142.898 
34.1329 -12.7069 -4.46668 36.6943 

107.482 -85.4476 -83.5919 160.752 
-2.43706 -6.61328 19.1494 20.4052 

-19.2661 -37.0234 12.7407 43.6376 
-85.7668 -34.4653 -100.941 136.868 

95.131 9.95022 8.36445 96.015 
43.7916 -72.0338 12.9089 85.2832 

-34.2343 -9.4605 63.665 72.9022 
-7.38758 -100.737 36.7795 107.496 

-69.5829 -10.5752 -76.455 103.918 
25.7318 -22.678 -68.3042 76.4322 

-53.4089 56.2401 -7.42039 77.9135 
0.614911 56.483 -85.1938 102.219 

-43.7693 73.7162 34.4387 92.3897 
-81.3253 13.9738 -34.8746 89.5841 

-17.8157 55.4932 -24.798 63.339 
73.6637 89.2212 13.7065 116.51 

-72.7048 12.2992 68.3507 100.544 
-74.1074 14.6127 -22.536 78.8245 

58.6564 -87.9412 -55.6982 119.484 
-15.3705 -56.0554 17.005 60.561 

2.08759 56.1563 -8.67078 56.8601 
100.642 35.9204 -61.8149 123.451 

50.5304 19.0304 -78.4179 95.2095 
55.0413 68.071 19.9193 89.7774 

-14.627 29.2675 11.7514 34.7653 
-84.4251 33.4596 -113.452 145.322 

-37.748 24.4437 95.9542 105.97 
46.8065 34.1596 46.888 74.54 

0.0837626 3.98232 -15.5439 16.0461 
-135.298 -19.3438 90.5002 163.921 

35.2674 54.3439 -141.306 155.449 
17.5407 12.4577 10.4153 23.9029 

57.1162 -118.571 14.4468 132.402 
46.2572 2.62578 -10.6931 47.5496 

3.31696 87.1711 92.4492 127.109 
-17.0168 47.4164 -16.2746 52.941 

-9.56306 -152.256 58.3318 163.327 
7.59649 3.54613 -14.7078 16.9293 

-20.5315 -21.4413 -16.2824 33.8584 
-65.7885 -68.9672 109.905 145.478 

72.8428 19.3527 -53.6263 92.5007 
50.9489 -66.0779 -27.1265 87.7379 

22.7253 -20.1055 29.1177 42.0536 
33.098 97.0567 92.9571 138.407 

30.1907 25.5483 4.90874 39.8533 
104.384 -82.2527 46.0546 140.65 

42.9323 10.7277 -44.1042 62.4775 
111.618 -1.60837 37.6444 117.806 

17.3705 51.8933 4.54954 54.9122 
-30.9627 45.0784 113.905 126.353 

-18.8373 1.42403 -3.71996 19.2538 
54.1804 115.535 98.5698 161.244 

5.20997 -19.2927 16.3338 25.8098 
-55.2098 -96.7139 -106.667 154.206 

35.6524 22.3655 -15.4595 44.8365 
80.2591 16.3758 108.932 136.293 

64.8848 -71.73 48.9403 108.399 
68.5885 17.3267 9.63464 71.3963 

88.0566 49.9258 -32.2371 106.235 
60.2727 -4.9195 42.2285 73.758 

-34.6818 66.8429 -32.152 81.8814 
18.7251 87.1075 41.5713 98.3185 

-113.684 17.3716 55.7124 127.787 
-8.05228 49.8071 13.4777 52.2229 

-123.828 14.7152 -17.1626 125.874 
-28.9971 -36.361 28.5163 54.5539 

71.6428 -39.2091 72.2579 109.047 
68.656 1.83259 -14.1658 70.1261 

67.3068 47.5558 -31.3074 88.1585 
65.4877 29.9222 56.4332 91.4805 

54.9145 89.9737 101.213 146.133 
-17.7539 28.5401 -20.781 39.5169 

-116.796 -7.32141 -84.6918 144.457 
-25.1983 -7.63645 24.1413 35.7221 

107.852 32.7724 -58.7645 127.12 
43.0601 -7.51463 28.9725 52.4409 

51.9567 111.212 -45.205 130.809 
-6.51862 10.6759 -45.1157 46.8177 

75.31 12.104 -10.6527 77.0168 
26.898 80.5679 -59.1727 103.519 

-27.9124 17.7161 -27.667 43.1094 
-106.906 -85.6712 -7.15466 137.185 

48.8037 5.07516 100.016 111.403 
42.4535 52.2914 12.1027 68.4336 

-18.9246 50.6147 109.412 122.029 
-55.9484 19.7028 4.47573 59.4849 

16.4905 -32.551 -44.286 57.3825 
72.5016 -94.6857 9.29582 119.617 

110.721 -22.723 34.551 118.191 
30.1546 -42.2549 -33.8045 61.9477 

-51.0319 -25.6061 -65.5928 86.9617 
-92.7543 12.6259 14.5405 94.7323 

25.0444 63.3406 -4.159 68.2389 
-35.0723 66.9296 84.4178 113.296 

-98.3323 17.316 -7.99017 100.164 
-38.3647 -28.5118 -64.2418 80.0736 

-8.35632 3.06107 -11.3296 14.4069 
27.6349 -157.645 -24.9316 161.979 

57.9775 -10.757 99.6829 115.818 
-4.48428 -57.3557 28.9224 64.3917 

-73.8965 14.7254 -29.1395 80.7876 
-11.0973 14.9159 -97.4476 99.2052 

8.04782 -75.7267 78.8848 109.645 
9.1814 -66.7684 -15.9122 69.2496 

-57.0059 -8.19811 112.93 126.768 
-38.544 -37.4173 -0.151689 53.7189 

97.8065 -82.875 -104.064 165.117 
2.46621 7.16323 12.8708 14.935 

51.9064 19.6805 -50.9095 75.3218 
100.957 -11.2857 25.8516 104.824 

93.1623 -13.1772 -1.29172 94.0985 
64.9294 -19.3233 38.3095 77.8256 

-13.6409 -92.7246 -38.7186 101.405 
-35.7009 -9.91458 -68.4042 77.7945 

101.357 -65.4692 -66.2651 137.661 
23.7741 -19.2235 28.923 42.0867 

77.8253 28.3099 -83.5278 117.623 
25.3296 56.9975 5.31417 62.5982 

-14.9902 2.1033 -67.5779 69.2525 
-97.8052 41.9237 -30.0543 110.574 

5.31526 87.7653 91.7414 127.073 
37.9587 -8.56811 35.2905 52.5328 

-41.4167 12.128 -7.8697 43.8675 
-54.4413 -80.955 -94.174 135.596 

26.71 56.3552 -93.1456 112.096 
41.8945 53.2259 7.68856 68.1708 

65.3952 98.0325 109.001 160.525 
13.7378 -5.26136 -12.6692 19.4144 

-73.4565 -62.2572 14.3128 97.3482 
-77.8122 26.454 -4.74018 82.3227 

-65.5757 37.4395 -14.705 76.9293 
0.790351 102.511 -6.95893 102.75 

-77.8351 108.209 21.3141 134.988 
-41.5165 -18.0684 11.4912 46.7133 

103.861 65.4578 -46.2422 131.188 
18.6853 28.8305 34.988 49.0357 

-6.64455 73.7994 -30.9701 80.3096 
68.1676 68.3911 25.699 99.923 

5.80102 -34.8973 6.82886 36.0292 
-109.522 0.0998917 97.9509 146.933 

-24.5605 -119.856 -33.8171 126.934 
39.5836 -33.1485 12.7182 53.1737 

82.3238 34.2167 26.2534 92.9367 
57.9588 -52.2845 38.2926 86.9437 

47.1708 52.2956 51.5881 87.2998 
-35.7518 71.8881 43.7259 91.4224 

1.40151 35.0807 -2.44861 35.1939 
114.074 18.3702 89.0629 145.885 

74.491 -62.828 8.17635 97.7912 
64.9017 9.06616 -49.8968 82.3657 

-47.7402 -88.7212 -39.902 108.364 
-30.2517 -45.7065 45.871 71.4731 

-32.4688 110.723 -89.1866 145.836 
30.0847 1.56087 -17.1579 34.6687 

-40.7711 -23.8471 -34.2222 58.3278 
11.5594 -120.069 -16.2157 121.709 

142.963 66.3492 7.78462 157.801 
-8.0193 4.5308 20.4529 22.4312 

66.8228 45.8167 15.5611 82.5022 
77.6057 -8.03519 -58.4564 97.4903 

-13.2275 72.6265 -63.0106 97.0563 
-73.2451 4.16189 -39.7298 83.4304 

-4.63308 -1.5501 71.824 71.99 
-67.8394 67.715 49.0935 107.693 

1.78246 3.34272 16.1816 16.6192 
-11.8207 -160.691 -10.6007 161.474 

30.5882 102.048 8.28398 106.855 
54.8308 23.6099 -41.872 72.9185 

-38.473 -4.53916 -118.907 125.059 
-61.7877 -0.454358 16.1688 63.8698 

-45.1981 4.09567 55.5712 71.7482 
-105.918 -9.74934 -19.8058 108.194 

38.823 3.14937 123.784 129.767 
0.643002 48.6152 15.9197 51.1595 

40.8946 -78.8349 -9.77598 89.3469 
-44.0114 -67.7999 -41.146 90.7018 

12.4329 22.7065 15.1015 29.9703 
-130.164 76.003 0.400343 150.73 

47.9715 -92.8809 -80.3794 131.867 
30.9104 -28.4204 22.971 47.8627 

108.287 -54.5793 58.2048 134.509 
35.9178 26.261 -5.27742 44.806 

-1.06711 -47.4093 129.065 137.501 
-17.1748 -38.8224 -1.12599 42.4667 

-74.3036 13.1858 -97.2951 123.131 
-42.6591 37.6144 11.0642 57.9401 

29.4764 -3.86271 -41.1376 50.7551 
-6.20002 -120.12 -48.494 129.687 

-122.658 -24.7658 20.8208 126.853 
-31.4346 41.961 -1.92046 52.4647 

7.99198 66.19 -31.1676 73.5962 
-13.4971 39.7437 -91.745 100.89 

30.5275 -15.0905 -20.0545 39.52 
93.1741 -34.5176 99.4877 140.608 

26.8168 126.849 38.1093 135.137 
24.1186 -1.21616 37.7725 44.8324 

14.988 -19.9837 18.0923 30.8435 
132.891 66.6808 -13.4797 149.292 

-31.4461 47.7743 -126.695 139.007 
-22.9804 -28.7118 -17.7442 40.8329 

-52.8791 112.89 -17.8884 125.938 
2.46698 16.4709 -51.5151 54.1404 

-6.45458 -19.5253 42.9402 47.6105 
87.0535 -99.4494 14.151 132.924 

-29.9147 -1.51413 138.325 141.531 
34.1963 4.86801 16.9123 38.4592 

39.1113 -96.5021 -33.3191 109.328 
59.2293 -0.472386 -38.2296 70.4971 

55.2169 -60.6998 82.8712 116.623 
-34.0039 -15.2237 51.1274 63.2617 

36.2762 38.8482 60.0769 80.2146 
34.0042 92.3887 -14.6679 99.5345 

-106.628 9.66301 -90.8427 140.411 
6.87477 -33.8209 -22.7284 41.3243 

31.5413 49.5656 6.68739 59.1298 
118.489 -18.8194 16.8772 121.156 

96.4905 -48.5106 -29.9175 112.066 
52.2538 0.74505 41.7389 66.8816 

68.2342 21.1413 -18.9939 73.9164 
28.0179 -2.91803 -101.991 105.809 

35.476 55.9154 -75.841 100.682 
65.9188 42.9451 13.8357 79.8811 

31.9648 -17.0966 66.275 75.5408 
55.0525 -88.8475 6.06356 104.697 

3.74839 -5.3779 10.3221 12.2277 
-15.9684 92.0983 -139.005 167.51 

-109.85 75.8944 -34.7872 137.975 
-33.3463 -25.8392 3.11208 42.3004 

-1.74209 35.9967 124.825 129.923 
4.16651 50.2026 3.68506 50.5098 

-113.4 38.4875 68.7985 138.109 
-23.9379 -33.4589 4.84787 41.4249 

-117.143 16.7911 -111.953 162.905 
1.53702 12.1487 10.7596 16.3011 

33.2596 13.1702 -39.4023 53.2184 
115.452 31.4403 41.9959 126.812 

-2.15071 58.0094 -8.01388 58.5998 
-107.862 50.9061 22.0986 121.301 

-26.2348 -101.739 66.5288 124.359 
18.2054 -47.1381 -23.6014 55.7715 

95.0851 -23.9448 14.9428 99.1858 
19.2015 -72.1736 29.7317 80.3847 

-51.5761 30.9862 11.9219 61.3381 
-20.5192 21.5679 115.006 118.796 

-10.8077 7.3428 156.929 157.472 
-9.56151 18.755 -3.65135 21.366 

24.5014 -0.106756 1.55968 24.5512 
8.34571 -150.352 31.2238 153.787 

-14.7481 -8.53167 53.9079 56.5364 
-79.1744 -90.534 22.9136 122.434 

0.0111112 -6.98535 37.9794 38.6164 
-37.6341 123.763 57.1705 141.429 

-54.0736 35.3239 45.8056 79.1826 
24.5768 23.764 94.814 100.789 

-14.1373 24.2022 -24.977 37.5428 
107.357 24.8412 -89.754 142.121 

74.8861 -39.7566 59.5703 103.62 
70.5231 -3.41307 -31.0792 77.1433 

-32.0525 90.4749 -0.0498354 95.9847 
-58.6492 23.5707 54.8994 83.7213 

10.9059 3.23122 45.9554 47.3421 
88.6219 97.8165 16.2839 132.993 

-139.872 3.86553 25.3446 142.202 
-14.1161 -23.597 -26.0139 37.8524 

35.2841 -27.1343 4.54731 44.7427 
57.9506 -13.7434 -121.602 135.404 

-25.7504 35.7103 -31.5265 54.1501 
-34.6557 103.867 62.2803 125.969 

-15.7289 -26.4889 11.1596 32.7658 
-17.5366 45.746 139.059 147.437 

-39.8837 -23.3948 -22.8967 51.5973 
-42.3711 66.406 -101.504 128.484 

-81.4745 -42.7634 -38.4594 99.7293 
2.15454 -25.0205 -76.3748 80.3977 

49.6821 -2.37809 0.889408 49.747 
43.2882 22.231 121.265 130.665 

-124.282 3.68765 6.96366 124.531 
-26.004 4.97459 -48.0925 54.8985 

11.8565 -131.708 32.213 136.107 
-32.107 -9.73077 28.4266 43.9729 

-27.6865 96.3746 26.7864 103.789 
-70.0785 25.0939 -7.76096 74.8394 

-6.79779 -14.5938 -3.72191 16.5239 
-92.8806 131.999 25.1094 163.343 

4.428 -25.364 -34.6171 43.1426 
102.227 -87.6763 21.2102 136.335 

65.4886 108.274 64.3718 141.971 
31.4363 4.73517 -21.3616 38.3012 

-24.6236 -5.17358 2.48604 25.2838 
-5.60276 -11.6911 -154.054 154.599 

2.12013 -61.3091 -29.9948 68.2861 
72.2409 -64.8619 -41.674 105.653 

49.4366 37.4217 14.2211 63.6129 
90.469 -52.4436 51.2877 116.471 

-73.1023 28.5394 -44.2286 90.0812 
-40.815 -55.3693 -57.8995 89.911 

31.6288 29.7076 12.4796 45.1516 
-59.9092 113.695 40.478 134.737 

-42.5681 -60.1438 -57.8225 93.663 
-88.5726 1.38469 28.0128 92.9071 

20.6333 -75.1515 15.2921 79.4187 
20.9546 -23.475 96.1725 101.19 

-19.0376 -109.849 24.3411 114.112 
49.0067 -32.2067 30.3424 66.0272 

-56.6668 -46.0901 35.5136 81.2198 
-58.8038 -57.6086 -53.3226 98.0813 

-24.8134 -152.506 -10.7285 154.884 
23.8066 -1.42542 -8.3674 25.2745 

28.7812 2.15564 -27.1016 39.5917 
47.119 131.529 -0.634383 139.715 

123.663 -20.5471 -3.02082 125.395 
27.3575 30.0542 36.7901 54.8197 

-78.1629 -68.1361 -33.0108 108.819 
18.1214 -67.9705 -11.3273 71.2509 

-2.69909 -56.6767 93.3428 109.236 
29.1972 -63.3993 3.39118 69.8817 

103.468 51.2583 54.757 127.794 
38.2392 -35.4302 5.96243 52.4699 

-18.2663 15.8611 4.74803 24.6531 
-17.4587 -85.3148 129.029 155.666 

-1.19308 1.17392 14.7396 14.8343 
78.9023 80.3636 -121.18 165.434 

-129.65 -63.7843 73.1149 161.936 
16.1449 1.55814 10.1725 19.1459 

34.3647 7.42541 -113.69 119.002 
51.7618 30.1284 -10.3425 60.778 

-61.5071 -78.3299 34.2189 105.307 
-23.8954 -50.1605 -50.1668 74.8584 

-102.861 111.342 30.1704 154.556 
-11.8534 -17.0244 14.8962 25.5388 

-25.1654 124.49 42.4802 133.924 
12.0919 32.5688 -26.447 43.6622 

38.9263 50.8232 -19.6921 66.9779 
-47.5386 101.221 -13.3526 112.623 

105.373 47.406 61.3819 130.838 
-5.51419 47.3213 11.1984 48.94 

49.0131 -54.8848 69.9326 101.514 
-41.6396 -29.6582 59.8292 78.6956 

-60.5587 109.581 41.6901 131.96 
-23.8665 -8.60071 40.7869 48.0328 

-31.0137 -108.995 -26.9287 116.477 
17.8311 -45.7039 39.7752 63.1574 

76.6404 -45.0438 44.7126 99.5084 
-18.9241 -43.7189 66.5421 81.8371 

-49.6814 5.38916 1.49685 49.9952 
-44.987 53.5915 -109.575 130.01 

31.1764 17.6078 -6.5101 36.3921 
-0.279679 7.73051 -143.477 143.686 

-93.2625 9.71719 3.29302 93.8252 
-38.2071 55.3876 -53.9699 86.2573 

-100.462 49.7338 -2.65614 112.13 
-6.19326 58.7027 33.6469 67.9447 

16.7315 -12.1203 -4.24291 21.0915 
-118.149 -29.8484 -103.669 159.992 

-15.2802 -35.2736 24.2808 45.4673 
-133.876 24.2197 8.16885 136.294 

-37.4995 78.8763 136.879 162.369 
16.5979 2.06057 -6.39222 17.9052 

-2.38584 25.2298 -12.028 28.0519 
46.7248 -50.3097 -135.166 151.606 

7.46347 -15.0519 28.9459 33.4683 
122.241 -71.1616 -36.4298 146.062 

-47.554 44.687 -31.8212 72.6009 
38.3273 79.7968 -60.7188 107.347 

-82.7519 -30.3146 -65.7818 109.973 
-64.2402 22.6563 15.7475 69.9149 

-12.6756 2.4719 2.50861 13.1558 
120.025 -16.6639 -114.316 166.589 

13.9023 -10.608 12.1493 21.2933 
-82.6944 -117.091 -67.9445 158.635 

-19.7329 -94.6356 95.4097 135.825 
-42.6417 -10.2821 1.2511 43.8816 

-11.6738 -75.2946 103.204 128.283 
54.2818 12.9405 20.722 59.5262 

42.8113 -88.3315 43.7845 107.482 
68.5409 -16.5308 -17.1909 72.5717 

-77.3421 -103.42 58.6663 141.842 
-2.87897 -25.8722 -28.0102 38.2391 

41.174 105.413 70.4023 133.281 
35.2389 19.7344 -26.982 48.5722 

13.0257 -3.16081 -8.86361 16.0693 
22.5938 74.6209 143.29 163.128 

103.217 -13.6368 7.69779 104.398 
20.1138 -41.8802 62.4978 77.8748 

-136.338 -39.5839 -24.0558 143.992 
-17.507 22.4262 22.7162 36.4068 

-30.5283 36.5994 -13.7521 49.6046 
-57.544 -19.9738 -114.375 129.583 

-7.66014 -106.581 79.8322 133.385 
-20.4137 -34.8857 -24.5195 47.2751 

0.0856245 -110.5 -45.4338 119.476 
-36.7458 -38.837 29.5534 61.0899 

25.3832 20.3739 57.454 66.0331 
-74.0554 41.1132 76.432 114.089 

36.1225 95.4512 64.261 120.604 
4.54455 -6.96143 58.0219 58.6145 

68.2819 19.3062 -35.3765 79.2884 
46.671 84.8978 27.4017 100.681 

32.6545 -14.6005 38.4099 52.4863 
95.4396 -71.0806 -47.7743 128.232 

4.70732 93.8037 71.7182 118.173 
55.696 21.8031 13.7047 61.3615 

93.969 -2.2722 77.0643 121.549 
8.16047 -50.7636 27.5107 58.3128 

28.2062 -27.6658 -60.4825 72.2435 
95.2252 -50.7273 10.7219 108.425 

-4.08013 -76.4479 -7.84883 76.958 
31.6282 -40.6304 -89.6776 103.408 

-17.053 -79.3081 -110.436 137.028 
-7.14031 26.6775 -33.2881 43.2524 

10.5245 -146.351 -34.9985 150.845 
17.9389 -5.77346 22.2799 29.181 

-96.9375 -28.4579 15.2156 102.168 
-35.4621 25.7664 64.8494 78.2746 

13.7646 -37.9803 9.18859 41.4294 
96.6934 -66.1902 57.2049 130.396 

93.38 18.0707 34.8668 101.302 
61.6471 -29.3697 -38.8541 78.5658 

-7.85749 84.3445 -55.4101 101.223 
30.629 65.8244 34.3308 80.3094 

96.2084 19.2046 -75.561 123.832 
-4.51431 -25.6004 -49.7282 56.1129 

-25.508 20.9583 -67.6189 75.2477 
-98.6044 -24.8013 -25.5188 104.829 

-37.2127 86.8908 -56.0509 109.893 
-44.1449 -69.048 -39.9155 91.1572 

-47.4125 -14.5326 -22.5686 54.4838 
-81.1548 -39.4262 88.4752 126.366 

31.6679 91.8324 124.37 157.81 
19.7425 0.170314 -11.0081 22.6047 

-56.8618 27.0749 -61.2949 87.8828 
-56.854 69.9269 19.1498 92.135 

-65.201 -93.5454 80.2808 139.452 
-15.3541 -25.5734 -31.1824 43.152 

38.0481 -21.883 -122.457 130.086 
47.3585 14.1203 -7.03577 49.917 

-29.568 -123.924 -25.4923 129.928 
-48.1912 -4.32007 -13.7477 50.2996 

19.7229 38.3606 11.8178 44.7235 
18.4478 0.279239 133.878 135.143 

97.7444 -78.4353 88.4555 153.396 
1.96321 -18.3852 -19.1408 26.6128 

-82.5724 -1.68844 41.6113 92.48 
-70.381 -20.7734 -48.5032 87.9636 

33.5438 -13.1967 62.4715 72.1251 
88.0517 -62.6703 -41.9837 115.945 

-62.9037 -5.09498 -59.5094 86.7422 
-81.6196 42.1371 20.6357 94.1441 

127.035 -62.9174 56.3038 152.534 
15.4217 17.0973 -15.1391 27.5561 

18.2105 -49.9204 23.7002 58.1839 
53.4718 17.4528 108.978 122.638 

-54.1217 -116.169 -37.1221 133.426 
-17.4634 -21.7294 37.2589 46.5334 

6.71462 -60.2869 33.2754 69.187 
-16.0544 -92.3794 -59.303 110.944 

-15.2069 -71.7932 45.4835 86.338 
-9.13204 -81.7422 -44.5823 93.5562 

6.56719 26.5328 30.6815 41.091 
11.8589 -73.7453 116.661 138.524 

21.1216 -81.378 5.00562 84.2233 
18.2765 -33.9757 88.8908 96.9018 

-23.6247 68.6064 59.8574 94.0632 
-37.6122 71.0636 -30.2768 85.9151 

34.0541 -11.9452 13.3377 38.4742 
3.59577 73.2712 122.486 142.774 

-83.6344 62.1031 -112.355 153.216 
11.3997 -24.5129 -14.1769 30.5257 

46.6978 -2.54798 -24.8468 52.9579 
98.2238 19.5328 78.14 127.025 

130.481 -81.5206 42.2874 159.559 
-16.3229 -11.185 6.3314 20.7757 

33.3236 -54.9847 4.472 64.4498 
50.3382 -39.4658 -95.8127 115.202 

48.0285 15.6636 24.4631 56.1296 
93.7393 33.9717 -70.958 122.377 

6.58773 -141.012 -13.7569 141.835 
12.8406 -10.0096 -31.4573 35.4208 

-31.4132 41.1997 -2.22326 51.857 
19.9069 69.5367 -105.897 128.241 

-43.2206 -10.0583 48.2652 65.5647 
-101.935 -43.6548 -23.1995 113.29 

-16.504 74.0989 -124.987 146.235 
2.70964 -25.7252 -21.8393 33.8538 

-14.9502 10.8236 3.68135 18.8206 
130.234 65.732 67.7619 160.852 

81.4063 -30.3348 -11.2655 87.6019 
70.4737 60.0828 3.91599 92.6921 

44.5102 -6.01999 -81.2847 92.8687 
85.2044 -24.8249 6.36812 88.9754 

63.7789 -106.823 0.064534 124.414 
-9.96836 -31.8135 44.5372 55.633 

25.074 -37.8814 12.9699 47.2432 
129.259 29.1848 4.3311 132.583 

-30.6096 -1.63064 32.8939 44.9624 
-59.7291 121.018 7.76689 135.178 

18.2103 -30.97 8.48585 36.9156 
95.1065 59.0275 91.2896 144.441 

53.2346 2.98643 -70.5001 88.3918 
23.4028 79.6711 -37.3768 91.0615 

36.9938 18.309 -8.36884 42.1165 
45.3664 -55.5117 -117.853 137.946 

-31.8674 -58.1408 19.1173 69.0026 
89.5376 -68.7995 29.8529 116.797 

36.2833 -41.6948 50.1147 74.6084 
75.2417 -65.8025 -31.7385 104.874 

-63.0474 69.6239 20.5577 96.1514 
-16.1647 56.794 -60.4898 84.5332 

-13.8493 13.9725 76.8607 79.3385 
77.8749 -1.49672 63.9399 100.772 

-99.9851 63.1427 -13.1948 118.988 
6.03243 54.4171 -26.4022 60.784 

-66.7741 -137.661 7.58483 153.189 
21.1474 -11.8183 -9.57328 26.0486 

-31.1503 -25.4958 -15.7421 43.2225 
-47.0044 -76.3612 103.237 136.742 

-59.4263 45.858 -79.8831 109.616 
-66.3542 -24.6345 -7.03872 71.1286 

98.5403 -101.477 -17.8314 142.569 
-15.2423 -22.1208 -26.0171 37.3971 

73.4394 -124.293 -46.5707 151.693 
19.7331 17.7978 -13.15 29.6492 

25.6672 -22.9159 43.5657 55.515 
108.504 52.6163 29.6552 124.182 

4.02695 24.9404 15.2005 29.4838 
-40.3684 94.5413 -109.009 149.836 

-23.1054 -39.257 25.3757 52.1431 
-50.6683 -89.8161 -74.0919 126.98 

77.1744 -78.3198 -63.7148 127.081 
12.1053 -43.4671 27.799 52.9973 

-41.1133 90.9385 104.549 144.536 
6.60651 31.3366 -14.7291 35.2502 

65.122 -23.1913 108.942 129.023 
39.4375 -31.8873 -9.33463 51.5679 

32.3383 -20.9885 -2.84781 38.6574 
-33.8332 -120.417 66.3347 141.582 

-9.26839 -10.1803 -12.3158 18.4721 
-48.2893 153.654 -6.60577 161.199 

-83.8282 -41.3129 120.253 152.298 
22.3821 0.521605 16.3808 27.741 

51.0889 54.4071 76.303 106.735 
59.4135 -37.7403 27.3417 75.5106 

-9.60846 23.1703 -96.8263 100.023 
36.3501 -48.4858 -53.1937 80.6336 

33.4215 18.739 7.55207 39.0536 
-40.9313 110.748 77.377 141.166 

-64.921 -3.04625 28.19 70.8427 
-84.4124 19.1385 -66.8097 109.34 

-10.8737 73.1731 -71.4784 102.867 
-62.3521 -1.59623 -45.3421 77.1119 

13.1438 -77.6981 -35.296 86.3455 
-14.8699 -76.9853 50.9806 93.5247 

-7.27029 35.999 -0.419763 36.7282 
90.0752 -21.3206 -118.725 150.545 

-11.9056 22.497 0.0203944 25.4531 
-35.9535 -51.9948 -142.695 156.071 

-29.6264 36.8342 -135.197 143.223 
-34.0358 13.3849 2.55066 36.6619 

101.293 26.1111 97.9395 143.298 
23.2561 -29.8183 -11.4181 39.5013 

-22.0113 14.7654 125.641 128.406 
-49.8158 11.1576 9.19804 51.872 

101.788 -15.7997 40.8543 110.813 
50.0474 42.0946 -23.0552 69.3415 

4.71213 43.7188 74.9629 86.9078 
-76.4051 34.2985 39.484 92.5911 

-4.77581 29.9076 -0.181347 30.2871 
49.9447 17.9009 -140.223 149.925 

-45.6167 3.32017 91.348 102.159 
44.4698 18.7931 61.7155 78.3552 

-56.7728 115.286 -52.8521 138.951 
-31.7711 -13.068 -22.9055 41.2897 

14.0717 62.7074 112.624 129.671 
-43.2412 24.6266 11.3275 51.0351 

2.02147 -24.9766 -17.4248 30.5212 
35.6152 76.6545 -123.674 149.799 

-62.3396 88.3612 29.0895 111.983 
0.294227 54.0404 -40.7269 67.6693 

23.3476 8.21301 23.0107 33.7943 
-4.21768 145.256 -20.0755 146.698 

27.4367 75.7282 141.305 162.649 
12.8825 -0.378898 -11.8351 17.4977 

-18.3417 -74.476 -20.1889 79.3138 
-45.6298 -34.8585 -77.9677 96.8305 

-5.3235 3.84506 13.1353 14.6854 
68.6705 51.3817 -142.375 166.212 

36.0236 -94.4432 -20.7278 103.184 
-14.3601 -55.6129 51.6821 77.2661 

-6.06577 10.428 -26.1493 28.798 
-148.86 -8.03512 26.9381 151.491 

73.3958 6.09889 -22.9663 77.1466 
33.2208 57.0705 -75.6934 100.45 

28.3635 -77.422 22.9051 85.5762 
-34.8784 -36.2746 80.9728 95.336 

-15.8493 60.6533 121.846 137.028 
19.499 37.8331 -1.14358 42.5777 

40.7359 0.379805 -20.6919 45.6915 
38.1608 20.1818 -120.656 128.146 

-70.2433 11.2822 80.8366 107.685 
-66.6883 -26.3917 -9.02277 72.286 

-2.13297 -11.68 8.92435 14.8532 
2.91749 165.551 -14.3218 166.195 

11.4854 -10.8721 42.8665 45.6909 
132.603 -0.0577558 16.4553 133.62 

-0.816717 -66.2686 18.6519 68.8483 
92.8735 -43.9432 41.5799 110.839 

-47.4355 -60.245 40.3184 86.6323 
-0.898256 -87.4361 -32.0922 93.144 

-47.1194 -19.3854 27.9946 58.1355 
-85.6556 -44.3914 -75.2483 122.351 

-85.4245 -40.4179 -67.0656 115.882 
17.3272 -27.4307 -55.1489 63.9849 

3.51918 -21.4653 -83.6768 86.4578 
-7.59416 -88.4004 -27.3179 92.8363 

-15.6056 -7.47779 1.59631 17.3782 
13.6506 146.573 -69.809 162.921 

58.6774 12.0474 147.122 158.849 
-3.3131 -21.0207 -2.69729 21.4505 

47.1283 -92.6942 6.41468 104.185 
-1.04831 -46.1647 -59.738 75.5043 

-134.743 -34.4696 -43.6973 145.785 
-5.34482 -28.3798 17.7681 33.9071 

9.84006 -16.5685 10.0882 21.7512 
-108.717 16.2583 111.944 156.892 

13.7134 50.3622 25.23 57.9738 
-82.6895 87.2943 7.1522 120.453 

54.7241 103.326 61.8931 132.294 
45.9995 3.32518 -17.2495 49.2398 

-41.9707 -31.5797 -12.6556 54.0276 
30.7377 -121.819 -9.04096 125.962 

15.6325 -37.3479 -10.8298 41.9109 
-44.4324 -92.3859 92.031 137.765 

-49.5434 -38.6876 -2.51112 62.9093 
-98.7954 41.3677 47.7296 117.26 

2.26018 -73.0422 14.0684 74.4191 
75.6161 -56.5663 -47.8768 105.876 

-28.1652 2.28125 60.4094 66.6917 
60.9524 50.2869 81.6115 113.598 

9.15474 -50.5246 -104.723 116.634 
13.6127 48.5689 -44.123 67.0156 

-4.96326 -5.2316 11.8518 13.8733 
137.711 89.6081 -9.54483 164.576 

-6.25657 40.8224 -0.335124 41.3004 
41.3203 46.1601 -123.84 138.472 

65.2458 16.0676 62.9323 92.0633 
43.3869 -67.4981 35.686 87.8175 

-12.3968 50.1931 17.3922 54.5483 
-94.1228 57.2741 -57.8353 124.436 

-43.7953 73.247 -93.6265 126.685 
41.5135 25.3341 -24.4801 54.4468 

-30.2179 -86.8278 119.159 150.503 
18.3476 13.8323 17.9345 29.1481 

-70.1847 -8.98011 77.3315 104.817 
-64.5634 -35.6853 -14.0037 75.0864 

20.3965 -31.1939 -17.6421 41.2349 
115.819 -18.1612 74.0271 138.65 

-13.2706 -50.0473 11.3836 53.0135 
85.9935 -83.9437 -41.051 126.991 

5.8727 65.0539 -29.9266 71.8477 
-87.3444 64.3929 9.1851 108.903 

-23.4292 77.3793 -12.8325 81.8606 
69.4055 69.9672 1.42545 98.5625 

-75.5598 -33.6864 34.5899 89.6689 
-18.9292 17.0656 87.0088 90.6647 

-36.5342 -87.9809 46.9685 106.214 
18.3609 -65.5365 -27.4942 73.4035 

-24.0068 -79.3994 87.6378 120.669 
24.8197 -52.7997 -4.05033 58.4827 

-128.067 -93.2246 -37.1545 162.704 
15.4856 -7.48253 0.497954 17.2058 

-9.8574 -41.2739 -28.5609 51.1511 
106.187 -52.7967 -49.6269 128.554 

99.5783 41.2221 -52.0514 119.685 
-5.14304 40.6827 -42.63 59.1511 

-85.402 -32.6153 -111.721 144.356 
-16.6903 -29.128 12.987 35.9954 

-109.947 68.4425 0.335048 129.51 
10.3132 42.3799 -30.2191 53.0624 

-95.4235 52.1113 -50.8845 120.044 
11.6775 51.9154 -27.9915 60.1256 

2.97697 71.4304 -23.5843 75.282 
-30.1866 75.9397 65.2122 104.55 

-63.8605 -74.0181 -61.678 115.59 
32.3663 -40.6306 -38.1639 64.4585 

95.8976 -5.81949 -4.93866 96.2009 
35.5176 -27.1488 -70.9168 83.8317 

38.3034 -69.0965 47.3375 92.0995 
-3.21194 -5.0914 86.4315 86.6409 

16.4622 -10.1369 5.56098 20.1168 
-98.8879 -103.879 -70.9617 160.016 

-21.9948 -103.609 -1.03476 105.923 
-36.2304 -25.7593 -60.0767 74.7354 

-37.5017 3.6303 7.38254 38.3935 
-57.4378 -49.3256 -120.404 142.229 

-0.423721 -27.7322 54.5126 61.1627 
-65.1786 -99.9717 2.90001 119.378 

-113.445 42.6046 -35.1973 126.189 
-31.6207 12.8091 41.5138 53.7339 

46.7165 84.3778 19.6294 98.4244 
23.8687 48.1654 -60.9231 81.2481 

-93.3539 1.29009 -41.0448 101.987 
-12.1125 42.3583 -64.347 77.9838 

3.21372 -2.51918 38.0729 38.2912 
23.6611 134.262 39.2616 141.871 

-16.2364 -22.1817 28.0206 39.2531 
-120.481 -46.5565 -55.5846 140.616 

39.9877 18.8834 8.97404 45.1235 
114.954 -52.1383 -34.4026 130.829 

89.446 17.3078 -15.5029 92.4147 
27.9507 13.3171 -81.7738 87.4388 

-145.805 54.8774 25.9389 157.935 
9.61029 18.0679 -7.70968 21.8689 

-58.4612 9.73779 50.6247 77.9448 
-74.8912 65.2072 -23.3183 102.002 

5.72579 138.517 17.3077 139.712 
-31.8052 14.4376 -20.2769 40.3877 

28.8144 47.6847 -9.47415 56.5142 
72.0681 29.4232 96.972 124.351 

81.7162 -7.3252 7.48555 82.3846 
36.9401 -79.4235 42.9462 97.5553 

81.5331 83.3559 30.2156 120.453 
-24.9921 54.9818 6.19044 60.7119 

66.4401 -113.467 64.4208 146.421 
-22.6181 -23.8631 -6.138 33.4469 

14.8437 30.846 65.1936 73.6343 
82.8672 -37.7286 55.1774 106.466 

-85.1073 -23.6555 81.7186 120.336 
-13.7544 47.4916 34.5552 60.3216 

-64.3785 -11.1421 -133.898 148.988 
-24.1719 -16.8118 9.06232 30.8065 

71.1702 79.1537 102.489 147.765 
-2.33589 28.7123 -13.4417 31.7888 

-97.8652 76.3481 -25.1584 126.647 
-7.04095 37.5065 37.3141 53.3728 

9.80847 53.8665 -49.7062 73.9494 
-82.5017 63.6411 -20.7098 106.234 

-18.371 0.923972 -13.6112 22.8826 
-65.6331 47.3392 134.814 157.237 

-37.9778 37.3276 -116.786 128.354 
-51.2745 7.25458 -1.95731 51.8221 

24.8078 -42.5419 -28.6245 56.9614 
112.468 -26.2903 44.4707 123.766 

99.5409 33.9198 54.9253 118.641 
48.7368 8.9306 -35.9425 61.2119 

26.0918 -8.25035 -22.9608 35.7218 
109.312 66.7735 68.139 145.089 

39.6359 -18.2203 -83.3573 94.082 
22.9943 64.3627 -51.5432 85.6037 

61.4747 -109.745 -30.2642 129.379 
23.0081 3.22577 -44.9339 50.5849 

42.777 83.0151 -11.483 94.0916 
83.5472 0.529746 -21.2188 86.2012 

-3.92509 65.0648 23.5742 69.315 
62.1625 76.2593 -50.8091 110.73 

-45.4992 49.0256 -153.366 167.317 
6.92126 -3.59862 10.5742 13.1403 

83.0857 48.7172 -30.8512 101.136 
66.5203 -5.73821 40.9892 78.3453 

85.3341 78.3323 -45.7488 124.542 
4.37052 48.3138 24.7283 54.4501 

-73.1988 77.6399 55.972 120.494 
0.930133 55.5454 -20.8059 59.3215 

-49.0052 -56.4333 70.8455 102.982 
48.1975 -68.6177 4.93147 83.9983 

0.585203 83.6512 -70.5676 109.442 
65.4447 32.6912 -1.47512 73.1704 

65.8357 36.8784 -22.1243 78.6374 
83.7613 -41.6535 46.033 104.259 

63.0837 -8.03043 -70.1219 94.6632 
15.0648 68.3343 -49.3304 85.6155 

-66.2861 -67.5988 42.747 103.879 
28.1915 -60.559 36.41 76.0778 

25.6095 -1.18377 144.537 146.793 
-11.452 29.8373 7.84954 32.9094 

-24.9321 -38.8517 -30.6548 55.4146 
-98.0416 46.5159 -62.5211 125.239 

-58.0363 -59.6907 49.324 96.768 
-47.1971 32.0956 60.9893 83.5308 

12.3403 79.4459 27.0463 84.8259 
-5.92873 71.8649 -61.9893 95.0915 

-84.1004 -39.0745 29.5235 97.3207 
-66.8539 8.09328 -48.1045 82.7586 

-13.6811 42.3322 -85.21 96.1246 
-62.8595 -28.0494 -48.604 84.2641 

-20.1868 26.3274 -20.2073 38.8455 
-124.082 -66.4726 -17.4991 141.849 

